Vertex Count: 36
Data:

-1.0  1.0 -1.0  0.0 1.0 0.0 1.0
 1.0  1.0 -1.0  0.0 1.0 0.0 1.0
-1.0 -1.0 -1.0  0.0 1.0 0.0 1.0

-1.0 -1.0 -1.0  0.0 1.0 0.0 1.0
 1.0  1.0 -1.0  0.0 1.0 0.0 1.0
 1.0 -1.0 -1.0  0.0 1.0 0.0 1.0


 1.0  1.0 -1.0 0.0 1.0 0.0 1.0
 1.0  1.0  1.0 0.0 1.0 0.0 1.0
 1.0 -1.0 -1.0 0.0 1.0 0.5 1.0

 1.0 -1.0 -1.0 0.0 1.0 0.0 1.0
 1.0  1.0  1.0 0.0 1.0 0.0 1.0
 1.0 -1.0  1.0 0.0 1.0 0.0 1.0


 1.0  1.0  1.0 0.0 1.0 0.0 1.0
-1.0  1.0  1.0 0.0 1.0 0.5 1.0
 1.0 -1.0  1.0 0.0 1.0 0.0 1.0

 1.0 -1.0  1.0 0.0 1.0 0.0 1.0
-1.0  1.0  1.0 0.0 1.0 0.0 1.0
-1.0 -1.0  1.0 0.0 1.0 0.0 1.0


-1.0  1.0  1.0 0.0 1.0 0.0 1.0 
-1.0  1.0 -1.0 0.0 1.0 0.0 1.0 
-1.0 -1.0  1.0 0.0 1.0 0.5 1.0 

-1.0 -1.0  1.0 0.0 1.0 0.0 1.0 
-1.0  1.0 -1.0 0.0 1.0 0.0 1.0 
-1.0 -1.0 -1.0 0.0 1.0 0.0 1.0


-1.0  1.0  1.0 0.0 1.0 0.0 1.0 
 1.0  1.0  1.0 1.0 1.0 0.0 1.0 
-1.0  1.0 -1.0 0.0 1.0 0.0 1.0

-1.0  1.0 -1.0 0.0 1.0 0.0 1.0 
 1.0  1.0  1.0 0.0 1.0 0.0 1.0 
 1.0  1.0 -1.0 0.0 1.0 0.0 1.0


-1.0 -1.0 -1.0 0.0 1.0 0.0 1.0 
 1.0 -1.0 -1.0 0.0 1.0 0.0 1.0 
-1.0 -1.0  1.0 0.0 1.0 0.0 1.0

-1.0 -1.0  1.0 0.0 1.0 0.0 1.0 
 1.0 -1.0 -1.0 0.0 1.0 0.0 1.0 
 1.0 -1.0  1.0 0.0 1.0 0.0 1.0 

Index Count: 36